err_svd=[0; 1; 0; 3.87443; 0; 8.44639; 0; nan; 0; 39.9751; 0; 2.47561; 0; 2.98137e+07; 0; 1.97517e+09; 0; 1.02601e+11; 0; 794671; 0; 1.19938e+07; ];
times_svd=[0; 0; 0; 0; 0; 0; 0; 0; 0; 0; 0; 0; 0; 0; 0; 0; 0; 0; 0; 0; 0; 0; ];
